DKR = 10.0, DCMB = 2.0, DOGOR = 8.0, DELGOR = 1.0, DKAR = 12.0,
                DOOK = 30.0, DELOK = 1.5, DKS = 24.0, DELKAR = 10.0,
                ALKS = 36.0, ALKD = 42.239, TGY = 0.573, ALFA = 0.1;
        NW = 1, NF = 2, NMFU1 = 3, NMOX1 = 4, NMPR1 = 5, NMPR2 = 6, NMDF = 7,
                NMOX2 = 8, NMFU2 = 9, NMU1 = 10, NMU2 = 16, NRO3 = 12, NT = 13,
                NV1 = 14, NV2 = 15, NMU = 11, NK = 17, IE = 10, IV = 16;
        NMAX = 1000, NPRINT = 200, IP = 1;
        CC = 0.0035;
        NVARM = 1;

        VINP = 9.329155, VINS = 26.03549, ZMF2N = 1.00, ZMO2N = 1.00,
                VINT = 0.1, VINS1 = 2.E-3, ROP = 6.458, ROS = 12.916;
        RO1 = 6.458, ROM1 = 815.0, ROT = 0.1;
        NITER = 0, LN = 20;
        AFI = 0.34, AKT = 1.2;
        D = 5.E-3, P = 10.E+5, H = -4681.06;
        NCORD = 2, JA = 9, JA1 = 15, JC1 = 13, JB = 21, IC1 = 31, JA2 = 18,
                JB1 = 22, IC = 45, IN = 46, JN = 22, IC2 = 10, JZ = 4, JZ1 = 6,
                JA3 = 12, JC = 6;
        ROS1 = 6.458, ROP1 = 12.916, VINP1 = 0.1, VINT1 = 0.1;

        X1 = {0.0, 0.6, 1.2, 1.8, 2.4, 3.0, 4.4, 5.8, 7.2, 8.6, 10.0,
                11.4, 12.8, 14.2, 15.6, 17.0, 18.4, 19.8, 21.2, 22.6, 24.0,
                25.4, 26.8, 28.2, 29.6, 31.0, 32.4, 33.8, 35.2, 36.6, 38.0,
                39.4, 40.8, 42.2, 43.6, 45.0, 46.4, 47.8, 49.2, 50.6, 52.0,
                53.0, 54.0, 55.0, 56.0, 57.0};
        double[] X2 = {0.0, 1.0, 2.0, 3.0, 4.0, 5.0, 6.0, 6.6, 7.1, 8.0, 8.75, 9.5,
                10.25, 11.0, 12.0, 13.0, 14.0, 15.0, 15.5, 16.0, 16.5, 17.0};
        RSDU = new double[12];
        LMIN = new int[25];